0.5770829389337038
0.4405467740659435
0.40180350442595525
0.4129900159607835
0.3959153986855022
0.37853675431004424
0.3854588210251656
0.40091007530403444
0.3786944418250587
0.35489231761276113
0.3342995797873896
0.32642935393565176
0.3238673053791924
0.30942951890190246
0.3499145261916901
0.3014944580794496
0.3282852112348145
0.311485905050819
0.30281420406564297
0.3203079052301192
0.2985289673881386
0.2941310392979518
0.2897045688960864
0.3230143836080936
0.2841922059352777
0.28428444569144024
0.2775973971382223
0.28782150107021975
0.2701151955960681
0.27811715208935095
0.2687136470299338
0.2998332550753229
0.2732127032203795
0.2811192963125981
0.2905185087110172
0.27177059315263685
0.2611342706144374
0.2584308233559567
0.2571998196954887
0.2526326746625721
0.26125147094229695
0.26037835784233315
0.25034592906772773
0.24628522034233452
0.2513105568553445
0.2522762689202519
0.2472817276367316
0.25323059952655663
0.24546287914756537
0.24804706057816966
0.24631952338176344
0.24493414596634558
0.24092135419454225
0.24301093653300773
0.26319485690628225
0.26334596513053304
0.23374631800452333
0.2509829712247957
0.24718393124783614
0.24625238912437733
0.2516539412661579
0.2503024522701591
0.24360207788260643
0.22607391990398804
0.22725108765579072
0.23760931865728283
0.2303342365540358
0.2239015678937417
0.22733951677966774
0.2374415199564687
0.22365705095513302
0.22199980104737194
0.23956136068797287
0.23004384793811805
0.22235298022992067
0.23017843051542014
0.23831479415704823
0.23282389038462428
0.21429148954168714
0.21953977748774928
0.24024979135154154
0.22236425635480894
0.2176272266810013
0.22146866747866692
0.21927761537684545
0.21117400635448386
0.2241195594404577
0.21658399239052661
0.21148396550834175
0.2104591578171969
0.22619236912857013
0.21127554780304858
0.22063004836931566
0.2133418174379133
0.21356815522481992
0.20662179544209913
0.21097247653356369
0.20355765421042202
0.21844958617493312
0.2105143879297542
