0.7953
0.8447
0.8565833333333334
0.85135
0.8551833333333333
0.8629166666666667
0.86335
0.8563166666666666
0.85805
0.8716
0.8766166666666667
0.8829666666666667
0.8848166666666667
0.8875333333333333
0.8725
0.8894833333333333
0.8803666666666666
0.8868
0.8878166666666667
0.8797666666666667
0.8905666666666666
0.8912166666666667
0.8933166666666666
0.87935
0.8969666666666667
0.8962833333333333
0.8978
0.8930166666666667
0.9004333333333333
0.8965333333333333
0.8999333333333334
0.88745
0.8994833333333333
0.8956833333333334
0.8913666666666666
0.8979833333333334
0.90375
0.9044833333333333
0.90465
0.9062333333333333
0.9025
0.9042333333333333
0.9074166666666666
0.9091
0.9066833333333333
0.9060833333333334
0.9062333333333333
0.9067833333333334
0.9106666666666666
0.9083166666666667
0.9076
0.9092666666666667
0.9114333333333333
0.9102
0.9013833333333333
0.9007333333333334
0.9145166666666666
0.9075833333333333
0.9071166666666667
0.9077
0.9052666666666667
0.9067
0.9091333333333333
0.9169833333333334
0.9163833333333333
0.9115666666666666
0.9151833333333333
0.9179166666666667
0.9147666666666666
0.91115
0.9172166666666667
0.91755
0.9087666666666666
0.9141166666666667
0.9174833333333333
0.9143333333333333
0.9103333333333333
0.9125666666666666
0.9205
0.9184333333333333
0.9086166666666666
0.9173
0.9199333333333334
0.9163833333333333
0.9184
0.92235
0.91675
0.9191666666666667
0.9208833333333334
0.9226333333333333
0.9146666666666666
0.9214666666666667
0.9186666666666666
0.9209833333333334
0.921
0.9226166666666666
0.9219833333333334
0.9244166666666667
0.9188333333333333
0.92115
